line
coordinates: 0,0,100,100,333.359375,113,236.359375,449,480.359375,137,489.359375,450,612.359375,149,903.359375,430
colors: 0,0,0,1,0,0,0,1,0,0,0,1,0,0,0,1,0,0,0,1,0,0,0,1,0,0,0,1,0,0,0,1
rectangle
coordinates: 100,100,120,120,150,150,100,100,150,150,200,200,239,525,559,525,239,688,239,688,559,525,559,688
colors: 0,0,0,1,0,0,0,1,0,0,0,1,0,0,0,1,0,0,0,1,0,0,0,1,0,0,0,1,0,0,0,1,0,0,0,1,0,0,0,1,0,0,0,1,0,0,0,1
polygon
coordinates: 76,260,141,209,169,237,174,293,111,331,62,307,.
colors: 0,0,0,1,0,0,0,1,0,0,0,1,0,0,0,1,0,0,0,1,0,0,0,1,.,.
