line
coordinates: 150.1875,341,447.1875,264,369,127,623,232,444,263,370,126,149,340,621,231,150,338,370,126,153,342,158,418,160,415,658,302,441,263,657,300,619,229,660,300,325,449,644,439,187,89,268,285,79,513,560,616,101,254,213,569,740.5799999999999,171.43000000000004,291.41999999999996,343.57,260,61,725,85
colors: 0,0,0,1,0,0,0,1,0,1,0,1,0,1,0,1,0,1,1,1,0,1,1,1,1,0,1,1,1,0,1,1,1,1,0,1,1,1,0,1,0,0,0,1,0,0,0,1,0,0,0,1,0,0,0,1,0,0,0,1,0,0,0,1,0,0,0,1,0,0,0,1,0,0,0,1,0,0,0,1,1,0,0,1,1,0,0,1,1,0.8274509803921568,0,1,1,0.8274509803921568,0,1,1,0.8274509803921568,0.23529411764705882,1,1,0.8274509803921568,0.23529411764705882,1,0.0784313725490196,0.39215686274509803,0.39215686274509803,1,0.0784313725490196,0.39215686274509803,0.39215686274509803,1,0,0.8274509803921568,0.5098039215686274,1,0,0.8274509803921568,0.5098039215686274,1
rectangle
coordinates: 200,100,600,400,300,600
colors: 1,0,0,1,1,0,0,1,1,0,0,1
polygon
coordinates: 100,200,300,400,500,600
colors: 1,0,0,1,1,0,0,1,1,0,0,1
