line
coordinates: 299,158,588,157,299,242,587,156,298,241,591,242
colors: 0.5882352941176471,1.3725490196078431,0.5882352941176471,1,0.5882352941176471,1.3725490196078431,0.5882352941176471,1,1,0,0,1,1,0,0,1,0.5882352941176471,1.3725490196078431,0.5882352941176471,1,0.5882352941176471,1.3725490196078431,0.5882352941176471,1
rectangle
coordinates: 224,335,541,335,224,652,224,652,541,335,541,652
colors: 0,0,0,1,0,0,0,1,0,0,0,1,0,0,0,1,0,0,0,1,0,0,0,1
polygon
coordinates: 839,393,809,339,728,390,775,466,866,431,.,633,584,695,520,784,567,727,668,599,708,695,523,.
colors: 0.39215686274509803,0.9803921568627451,0.7843137254901961,1,0.39215686274509803,0.9803921568627451,0.7843137254901961,1,0.39215686274509803,0.9803921568627451,0.7843137254901961,1,0.39215686274509803,0.9803921568627451,0.7843137254901961,1,0.39215686274509803,0.9803921568627451,0.7843137254901961,1,.,.,0.39215686274509803,0,0.7843137254901961,1,0.39215686274509803,0,0.7843137254901961,1,0.39215686274509803,0,0.7843137254901961,1,0.39215686274509803,0,0.7843137254901961,1,0.39215686274509803,0,0.7843137254901961,1,0.39215686274509803,0,0.7843137254901961,1,.,.
